10 15
 -2.31865289588347 0.9013264315174316 -2.252986708047892 1.500939461587394 0.2745651897350949 -0.34301245213265 0.4755991753350769 1.2838307474035011 2.1850829744510376 1.3511013070502873 -0.7061167607712778 -2.283642355015584 -0.2662190617094604 -1.6518906283606987 -3.457771065588789
 1.669387775878236 -0.039695989541099305 1.679508967622434 0.38742458435527266 -0.14244342481849018 -1.2541118771637303 -0.5544745697374763 -2.0271659809405875 -1.7150278308543163 -1.1313481889777248 -1.3353933773149818 -1.961788609658133 1.6327048903628183 2.0974104525850166 1.4222314708343713
 2.042379586907553 -1.4678490742099093 -2.05397319177059 -0.8892578299532332 -1.2232540567133137 -0.6467828682556279 -0.3341868171008841 1.1217943872751788 1.522282398194848 -2.3117844478202536 0.05941476539778866 -3.3328748021436545 0.5502805167644704 -1.5823016562143675 0.0559109146310513
 2.2634496102532706 1.083109435970591 -1.3777316163218547 -1.2671989381247797 -1.2781830181203817 -0.25118405045131414 -0.8637733981340187 -2.3849996450312108 -0.1615920765235181 -1.4483678910483235 0.5565064964161043 1.201671133536858 -0.0694325823467459 -1.4027341580839763 -2.4711097506777095
 -1.386356645570173 -2.9243268489548035 0.653845951590425 -0.9465832981081482 -1.432685363557717 1.2313887417281442 -2.2425599977537884 0.6158242621437872 0.030236116187170398 1.8296204261941627 -1.798140001559303 0.3272707507972772 -2.854463257692266 0.12001439003370305 1.503806084996341
 -0.9478394449971445 -0.18756090838759581 -0.6866442322914732 0.06085177316433248 1.0736656587536422 1.1160066055638673 0.6950072959708146 -1.772740629180346 -1.5891748939418782 0.7748055476450072 -0.8170486242445634 1.0633735479348467 -0.7258386320133245 -0.0394071889814217 -2.110238243473368
 -2.4697774801224903 -2.9340798435789988 -1.2694275349592294 2.978337968707249 -1.2197741086765697 -1.2656174673396134 -0.3208191386866189 1.286291508968698 -1.4321670959932002 -2.4481122780006257 -1.1318242309264537 0.37016052596168864 0.6920223426792806 -0.9339302714026967 0.7179814774932036
 0.2220542790414403 0.49507415907874364 0.9792592008381596 -1.1548053430300524 1.3428167997195042 -2.579918373624962 -2.0273342861759533 1.062507140083305 1.185893274019812 -0.6546836739200608 1.4115453203791213 -0.13580037964771505 -2.4297215597116755 1.2649962141606659 -1.727064447937736
 -1.9761788838384782 1.0814033460800887 -1.091544700190924 -2.4954183072780762 -0.3033990316672473 1.16478384077574 1.6777490743733747 -2.265272098443383 -1.9718026266404152 -1.5687438652576204 -0.35075493835711946 -0.12086963190609785 0.16367546717300135 -1.6380146651249743 1.8137164957986913
 -1.4971088147446199 -1.536862521746823 0.06654339348399547 -1.5387526639733184 -0.051706304720652206 -2.5765333728033117 -0.1998845776326687 -0.45068935067493904 -1.1509982223532902 0.7106487468093404 1.762821675733562 0.5116083802093988 -2.155623462667373 -0.7849140168099031 0.9854869991675336
 
